.Random.seed <-
c(403L, 10L, -339507323L, -1847778244L, 805356818L, 516739597L, 
734964039L, -116868306L, -1752705400L, 956096395L, -792490135L, 
-1992130248L, 768424934L, -1439323263L, -209452269L, 1813687490L, 
-1426716812L, 2061937527L, -1442059155L, 1944421124L, -1136534998L, 
1518712725L, 1716943919L, 1562891574L, -367010464L, -679404637L, 
-2097988415L, 1074920624L, 1844566990L, -1651065031L, -27074741L, 
47836410L, -1724254724L, 988636735L, -1525933291L, -362842068L, 
823847170L, 1308082653L, -198172457L, -276190274L, 1000775160L, 
-1291826725L, -917682119L, 492564872L, -787571402L, 339273585L, 
-83159645L, 1358268658L, -2018544572L, -1588531449L, 967483101L, 
1431543764L, -1229074694L, -1457122747L, 1821672095L, -1585975258L, 
670241968L, -244763309L, 1484419185L, 1233374624L, -2046934722L, 
-441503671L, -775588613L, -165667638L, 1855791660L, 80336431L, 
1642272485L, -921298020L, 569175538L, -1615447955L, -1823616601L, 
-372743218L, 910166312L, -67994837L, -167945911L, 71929432L, 
-1394508026L, 266480353L, -1961877901L, 350504674L, 1694825044L, 
-1524235433L, -1219958963L, -653853980L, 204456650L, 639294261L, 
-636038769L, -747444586L, -248003008L, 411254531L, 1348794145L, 
485531664L, 474593262L, 1346303897L, 1915473963L, 843949338L, 
2065557468L, -744592929L, 1693347253L, 2130099020L, 1135139234L, 
-1139238659L, -1414134281L, 136217374L, 1794915800L, 1502435131L, 
1663025369L, -1769255832L, 239956374L, 2036363537L, -1159667005L, 
-244884782L, -856560796L, 1942101671L, -322304003L, 255443444L, 
-1691357478L, 735891493L, -392061633L, -1704922426L, -301523120L, 
-641237133L, 1091174801L, 490722240L, -649874018L, 1587971945L, 
-827587685L, -1450022230L, -865057588L, 819428751L, -2023466555L, 
-1493951108L, -547084846L, 1520017741L, -238132217L, 1959433198L, 
2034940616L, -319097397L, -1737379799L, 1216009848L, -1418529882L, 
1983731137L, -218434989L, 1549269250L, -1930104780L, -1686173257L, 
688512429L, -1419168060L, 869800682L, -1393468075L, -1054567697L, 
1066529014L, -1017147360L, 1643344355L, 1461490305L, 1246788848L, 
-1872645234L, -1413411591L, -1467238773L, -1135786310L, -524858948L, 
519912191L, -511771051L, 1247185260L, -675374654L, 418746909L, 
1815349911L, -113818626L, -1419141192L, 1671304091L, -1583924743L, 
-1058715320L, -1204751242L, 602317233L, 734826467L, 311987378L, 
-1803894524L, -224318905L, -367637219L, 95026068L, 1568649018L, 
1739838341L, 853559391L, -30541082L, -89063056L, -1544123757L, 
865073L, 2069197280L, 1130333822L, -419795703L, -1195327685L, 
-1431677174L, 1934804716L, 141013871L, -221100891L, 715060828L, 
1431404082L, 877518125L, 2020723687L, 1520806670L, 1367526632L, 
178743019L, -557250679L, -1470254312L, 1843136070L, 1045304993L, 
-805144269L, 1180883106L, 1788467092L, 1111520791L, -622288371L, 
640988964L, 666301194L, -1880129931L, 1300348367L, -197597482L, 
1383852672L, 1584551107L, -1802497439L, -1072436528L, 1293519918L, 
141550041L, 602734059L, 879007834L, -1019241956L, -1167787233L, 
-331206795L, -1336052212L, -1130876958L, -1679202566L, 1771868496L, 
1383590700L, -1832693900L, 1249454994L, 1953341024L, -697466996L, 
-42540192L, -1860239390L, 2111774632L, 1876075724L, 514625020L, 
-1957010510L, -1064398352L, -2055851580L, -1597202088L, -1422555782L, 
-108371536L, -1491718212L, -772587436L, 428835778L, -145581024L, 
-247063364L, 2031993424L, -1230452766L, -1919766936L, 494156364L, 
229974268L, -965652494L, -1385425664L, -497676428L, -519483384L, 
-2077864518L, 950699472L, 1929378796L, -945074284L, -1274387502L, 
294844256L, 39259468L, 293010720L, -955325566L, -2080947480L, 
-414604052L, -1008520644L, -100117646L, -923506064L, -408141788L, 
2025951032L, 1644344474L, -1773315376L, -1956001604L, 2102277780L, 
1568493186L, 466463936L, 1066172732L, 1177507984L, 1795453474L, 
-1261277688L, -248026868L, 418790044L, -1540721134L, 2036106624L, 
606750228L, -722764248L, 1932686650L, 1199630288L, 567714412L, 
1927565108L, -2095592814L, 914270560L, 997284172L, 1124909024L, 
-1616304222L, -230183000L, -500149364L, -5818692L, -93824142L, 
-264390416L, 1433333828L, 1297247576L, -531143622L, 1634605936L, 
597863484L, -825740524L, -2125831742L, 1140867296L, -1868331140L, 
-1378892080L, 1662277282L, -1893733336L, 483225868L, -428278852L, 
747330866L, -779003968L, 507855412L, 80182216L, 461530298L, -1460269168L, 
1980382700L, 2017910868L, -996864366L, -1021349088L, 6936012L, 
-1637729312L, 46410434L, 1033579048L, 958662316L, -774591812L, 
-1440105998L, 780101936L, -1177461596L, -2037560648L, -331713702L, 
-1122921072L, -1029717636L, -957090540L, -1264635582L, 973552384L, 
-1903895620L, 1069507408L, 1945491746L, -1448870584L, -215545844L, 
-898629540L, -1793577774L, 1952663552L, -1227883692L, -301930008L, 
-1071505414L, 350936784L, -953223892L, -770354956L, -831555694L, 
-1739449248L, 239201548L, 1253867232L, -19636894L, -599477592L, 
-623973812L, -1779546244L, -646415566L, -2067945872L, -194523836L, 
117529560L, 628039802L, 1431680560L, 1219515068L, 1400743764L, 
-1681960382L, -1632218208L, -1234849604L, -886322736L, 1105933666L, 
-857588760L, -1888174132L, 1937086204L, -197238798L, 1095101568L, 
-1863321356L, -1363471224L, -1848449734L, -2114215088L, -438268820L, 
-203288428L, 114571602L, 1271957216L, -434896692L, -189583200L, 
-236342910L, 1934717160L, -1387929364L, -813088708L, 2145599602L, 
-1393252240L, -279487964L, 606880312L, -119975398L, -1344833328L, 
1956517436L, -2020141932L, 1889510530L, 191999936L, -820882116L, 
698377872L, 707345442L, -1058355192L, 1646146700L, 1431717916L, 
-1343159150L, 648100992L, 316521492L, -1250749656L, -717501382L, 
-385401648L, 1901710444L, -1826163020L, 664641554L, -1099956256L, 
1868198860L, -2017053216L, -1007109086L, 307295528L, 2107400460L, 
-681714116L, -1285597966L, -438626064L, 1505888068L, -2118647720L, 
-1986233798L, -453056272L, 939422396L, 750506516L, 1215728834L, 
1749853792L, 2144384380L, -512930608L, -1983833054L, 1023379624L, 
76496268L, -1758189124L, 627005490L, -833815744L, -1662024012L, 
1152332104L, -1828150598L, 1826871056L, -538015508L, 292334099L, 
2051878261L, -1965436590L, -2134115936L, -1972981623L, 82188475L, 
1930089228L, -1732447590L, 1604474895L, 172604505L, -1153462034L, 
321213308L, 1684111341L, -1289045865L, 1166599008L, -1895562434L, 
611453963L, -460854131L, 1063103930L, -825424904L, -1318002783L, 
-1340589741L, 787413108L, 2145241602L, 1596236951L, -514521503L, 
-1559261530L, 1060353700L, 1052320597L, -2106114049L, 2142363288L, 
-1646615626L, 838215747L, 2033623429L, -138337758L, -2074949360L, 
204191929L, 1170546027L, -267631524L, 2127096202L, 1760263551L, 
-157323063L, 1063109982L, -272566772L, 1321888221L, -1235388185L, 
1799912720L, 659526702L, -1404319013L, -746431555L, 958584106L, 
2131347912L, -1097935119L, 1058109539L, -1228817308L, 1531375506L, 
-789027737L, -1540641743L, 1630123382L, 266916500L, 1085468837L, 
1828447663L, -902062488L, -2035816890L, -910466061L, 1842824021L, 
-1194300110L, 1970495744L, 1971575273L, 236735579L, -1335269716L, 
1589956794L, 1881352815L, -182814727L, 2035005070L, -667764900L, 
1867615181L, -1779291337L, -1444466240L, 1100383902L, 1546653547L, 
1697224429L, -1481620646L, -897802216L, 459246977L, 1557388083L, 
1973111124L, -974095518L, -1891493897L, -808839103L, -119354170L, 
-411178492L, -1859230283L, -425035105L, -1369580808L, 1489759958L, 
-1404486813L, -1108987099L, -2100805438L, 2106281392L, 418475481L, 
-244905141L, -1738425924L, -1409869334L, -2030281185L, 597212329L, 
-1373002690L, -1616921300L, 1791305597L, 773637575L, 742973616L, 
-1139515698L, 841458683L, -1617779619L, 1710504842L, -1935930456L, 
667748625L, 301842435L, 1714504452L, 676429618L, -142418553L, 
-431242287L, 1827626326L, -1814752460L, 1921273413L, 1245829775L, 
2053690376L, -2042691546L, 2062614739L, 1513828917L, 706810258L, 
-811838112L, 921844937L, -432619525L, -1580613684L, 1483493978L, 
1752149839L, -1281237479L, 1848138798L, -245448132L, 1563312045L, 
-821233577L, 1368923552L, 87543550L, -603337269L, 634936269L, 
